<?xml version="1.0" encoding="UTF-8" standalone="no"?>
<!DOCTYPE svg PUBLIC "-//W3C//DTD SVG 20010904//EN"
              "http://www.w3.org/TR/2001/REC-SVG-20010904/DTD/svg10.dtd">

<svg xmlns="http://www.w3.org/2000/svg"
     width="4in" height="3.14444in"
     viewBox="0 0 360 283">
  <path id="Selection"
        fill="none" stroke="black" stroke-width="1"
        d="M 138.00,175.00
           C 138.00,175.00 150.66,139.00 150.66,139.00
             150.66,139.00 163.81,101.00 163.81,101.00
             163.81,101.00 169.00,86.00 169.00,86.00
             169.00,86.00 172.65,78.99 172.65,78.99
             172.65,78.99 182.00,78.00 182.00,78.00
             182.00,78.00 174.00,102.00 174.00,102.00
             174.00,102.00 155.33,156.00 155.33,156.00
             155.33,156.00 149.00,175.00 149.00,175.00
             149.00,175.00 138.00,175.00 138.00,175.00 Z
           M 111.00,149.00
           C 104.45,147.81 83.49,138.34 76.00,135.15
             70.82,132.94 66.15,131.90 67.15,125.04
             67.84,120.29 73.14,119.05 77.00,117.42
             84.57,114.25 104.35,105.20 111.00,104.00
             111.00,104.00 111.94,111.51 111.94,111.51
             111.94,111.51 102.00,116.85 102.00,116.85
             102.00,116.85 79.00,127.00 79.00,127.00
             79.00,127.00 103.00,136.58 103.00,136.58
             103.00,136.58 111.94,141.49 111.94,141.49
             111.94,141.49 111.00,149.00 111.00,149.00 Z
           M 209.00,104.00
           C 209.00,104.00 235.00,113.99 235.00,113.99
             235.00,113.99 244.00,117.00 244.00,117.00
             244.00,117.00 244.00,119.00 244.00,119.00
             244.00,119.00 225.17,120.03 225.17,120.03
             225.17,120.03 207.00,112.00 207.00,112.00
             207.00,112.00 209.00,104.00 209.00,104.00 Z
           M 207.00,141.00
           C 207.00,141.00 221.00,135.00 221.00,135.00
             223.54,145.48 218.54,147.50 209.00,149.00
             209.00,149.00 207.00,141.00 207.00,141.00 Z" />
</svg>
